%YAML:1.0
---
nmarkers: 16
markersize: 6
maxCorrectionBits: 6
reflectionAware : 1
marker_0: "101010001100000111110010010011011011"
marker_1: "010100010111011110000001001101011000"
marker_2: "100011000000110001001111101000010111"
marker_3: "110011001100011111101000111010000111"
marker_4: "011001011110101101100110111000001011"
marker_5: "110111011011110010101001010000111001"
marker_6: "011111000100111000110100011101010001"
marker_7: "101000100010100001100101101111000110"
marker_8: "001111100001011011000011110011110101"
marker_9: "000101000101110111100000010011010110"
marker_10: "011011011111001000010010000010011001"
marker_11: "101000110110000111001101110001011100"
marker_12: "101010011000100001011010001101000001"
marker_13: "001110000100111001001110100111111110"
marker_14: "110101011100011001101110010000010000"
marker_15: "111010110001011111001010010110010011"
